Latitude	Longitude	Vn	Ve	Sn	Se	Corr	Sta	Vu	Su
 39.109302	-122.303869	  7.61	 -9.38	  0.05	  0.10	 -0.0303	208P	 -0.09	  0.22
 37.749435	-121.977956	 16.14	-14.25	  0.06	  0.10	 -0.0089	229P	  0.49	  0.12
 37.919405	-122.152552	 17.48	-14.38	  0.26	  0.06	  0.0501	BRIB	  0.76	  0.24
 37.724116	-122.119310	 19.69	-15.63	  0.18	  0.33	 -0.0258	CHAB	  0.16	  0.32
 39.432639	-121.664962	  7.87	 -9.55	  0.07	  0.08	 -0.0085	CHO1	  0.17	  0.22
 38.034177	-120.386040	  8.58	 -9.88	  0.09	  0.23	 -0.1461	CMBB	  1.45	  0.30
 37.896405	-121.278495	  8.52	-12.01	  0.13	  0.76	 -0.0013	CNDR	 -3.84	  2.95
 37.878576	-121.915628	 12.07	-11.56	  0.09	  0.09	 -0.0010	DIAB	  0.72	  0.16
 37.727624	-121.855136	  6.70	 15.78	  6.26	  5.85	  0.0191	DUBP	-40.49	 23.00
 37.815008	-122.283805	 24.51	-18.28	  0.14	  0.19	  0.0003	EBMD	  0.04	  0.22
 37.697208	-123.000767	 37.95	-26.99	  0.08	  0.09	 -0.0335	FARB	 -0.13	  0.17
 38.995184	-123.074727	 22.16	-17.70	  0.14	  0.19	  0.0026	HOPB	  1.24	  0.24
 38.846512	-121.350235	  7.71	-10.05	  0.12	  0.12	 -0.0051	LNC1	  0.70	  0.16
 37.286851	-121.865225	 24.76	-19.46	  0.26	  0.04	 -0.0339	LUTZ	 -0.69	  0.16
 37.341533	-121.642578	 12.28	-11.66	  0.04	  0.25	  0.0021	MHCB	  0.97	  0.14
 37.842323	-122.494333	 44.87	-10.70	  0.97	  1.02	  0.0135	MHDL	 -4.11	  3.15
 37.449041	-121.834081	 20.87	-13.35	  7.17	  6.90	 -0.0117	MILP	  1.25	 27.14
 37.946574	-122.419923	 23.06	-18.22	  0.74	  0.90	  0.0071	MOLA	 -1.05	  2.24
 37.485326	-121.866865	 17.23	-15.53	  0.04	  0.18	 -0.0084	MONB	  0.20	  0.14
 37.169941	-119.309350	  9.13	 -9.81	  0.10	  0.09	 -0.0305	MUSB	  1.85	  0.19
 38.006251	-122.272988	 18.28	-13.82	  0.30	  0.14	 -0.0297	OHLN	  0.62	  0.19
 37.499363	-122.424316	 32.80	-24.22	  0.13	  0.09	  0.0331	OXMT	 -2.77	  0.42
 38.928346	-123.726197	 36.89	-23.66	  0.17	  0.19	 -0.0080	P059	  5.38	  0.58
 36.485524	-121.792518	 36.52	-28.52	  0.15	  0.11	 -0.0075	P171	 -0.01	  0.13
 37.471773	-122.357140	 31.71	-24.00	  0.09	  0.10	 -0.0169	P176	  1.01	  0.50
 37.528168	-122.495052	 33.48	-24.86	  0.22	  0.19	  0.0135	P177	  0.47	  0.37
 37.534519	-122.332364	 28.68	-22.65	  0.08	  0.11	 -0.0671	P178	 -1.22	  0.44
 37.914545	-122.376755	 24.83	-18.47	  0.06	  0.03	 -0.0104	P181	 -0.37	  0.34
 38.495015	-123.181245	 32.78	-20.47	  0.07	  0.11	 -0.0624	P182	 -0.57	  0.15
 38.313663	-123.068887	 34.01	-21.70	  0.05	  0.09	 -0.0167	P183	 -0.84	  0.27
 39.117165	-123.708937	 30.82	-22.84	  0.09	  0.18	 -0.0166	P184	  0.52	  0.15
 39.261304	-123.749335	 29.25	-21.16	  0.24	  0.21	 -0.0113	P185	 12.19	  0.27
 39.150179	-123.518152	 26.54	-20.36	  0.22	  0.11	 -0.0130	P186	  0.02	  0.27
 39.352477	-123.602541	 24.48	-21.23	  0.20	  0.22	  0.0806	P187	  1.16	  0.49
 38.667857	-123.229563	 30.17	-19.15	  0.11	  0.18	 -0.0794	P188	  0.55	  0.34
 38.987449	-123.348428	 27.19	-19.82	  0.07	  0.09	  0.0408	P189	  1.14	  0.20
 39.241955	-123.204047	 18.92	-16.27	  0.09	  0.13	 -0.0079	P190	  1.26	  0.28
 39.319728	-123.105189	 15.94	-14.26	  0.05	  0.08	  0.0163	P192	  0.77	  0.20
 38.122937	-122.908141	 33.59	-22.33	  0.07	  0.13	  0.0265	P193	  0.09	  0.23
 38.185716	-122.816257	 29.07	-18.95	  0.04	  0.08	 -0.0196	P194	  0.26	  0.26
 38.664666	-122.959308	 26.76	-15.77	  0.13	  0.06	 -0.0154	P195	 -0.84	  0.19
 38.298144	-122.742641	 26.35	-16.78	  0.06	  0.08	 -0.0079	P196	 -0.53	  0.16
 38.428561	-122.767386	 26.40	-15.55	  0.41	  0.41	 -0.0012	P197	  0.07	  0.33
 38.259874	-122.607450	 23.57	-15.76	  0.79	  1.35	 -0.0066	P198	 -1.63	  2.05
 38.263692	-122.503438	 20.77	-13.77	  0.07	  0.15	  0.0123	P199	 -1.55	  0.33
 38.239831	-122.451702	 20.04	-14.14	  0.04	  0.09	 -0.0050	P200	 -2.90	  0.21
 38.559806	-122.658434	 19.19	-12.06	  0.07	  0.14	 -0.0052	P201	  0.57	  0.26
 38.423581	-122.496000	 18.25	-12.75	  0.07	  0.12	 -0.0804	P202	  0.06	  0.14
 38.866113	-122.917004	 16.58	-11.23	  0.11	  0.17	 -0.0119	P203	 -1.50	  0.34
 38.666500	-122.710533	 19.77	-11.48	  0.07	  0.13	 -0.0021	P204	 -0.81	  0.18
 39.398124	-122.963064	 13.58	-13.24	  0.19	  0.23	 -0.0409	P205	  1.59	  0.44
 38.777817	-122.575793	 16.15	-11.27	  0.13	  0.10	 -0.0352	P206	 -0.72	  0.16
 39.260045	-122.718567	  8.92	-11.71	  0.30	  0.38	  0.0278	P207	  0.81	  0.71
 37.069255	-122.126714	 34.54	-26.49	  0.20	  0.15	  0.1223	P209	  0.60	  0.31
 36.816137	-121.731841	 33.77	-27.50	  0.13	  0.24	 -0.0030	P210	  0.26	  0.17
 36.879176	-121.698037	 32.88	-26.96	  1.05	  0.17	  0.0508	P211	  1.72	  0.60
 36.962011	-121.862733	 32.61	-26.20	  0.17	  0.23	 -0.0446	P212	  0.96	  0.36
 37.201713	-121.990836	 28.67	-21.56	  0.07	  0.10	 -0.0825	P213	  0.22	  0.33
 37.001021	-121.796569	 33.70	-21.40	  0.93	  0.93	  0.1140	P214	  8.77	  4.46
 37.048785	-121.762949	 27.91	-21.63	  0.17	  0.21	  0.0370	P215	 -0.31	  0.24
 37.002426	-121.726207	 28.65	-22.57	  0.16	  0.17	  0.0065	P216	  0.81	  0.30
 37.104497	-121.650632	 23.45	-19.57	  0.15	  0.15	 -0.0489	P217	  3.22	  0.50
 37.203515	-121.713960	 24.21	-20.13	  0.27	  0.18	  0.0299	P218	 -0.86	  0.20
 37.342490	-122.284821	 32.33	-24.23	  0.31	  0.39	 -0.0007	P219	  2.89	  0.75
 37.329888	-122.214284	 31.37	-23.46	  0.10	  0.09	 -0.0060	P220	  0.95	  0.26
 37.336952	-122.099049	 28.59	-20.77	  0.07	  0.23	  0.0022	P221	  0.84	  0.38
 37.539240	-122.083263	 24.63	-19.74	  0.07	  0.35	 -0.0156	P222	  0.06	  0.28
 37.722054	-122.099779	 20.38	-14.71	  0.04	  0.14	 -0.0112	P223	  0.18	  0.43
 37.863897	-122.219060	 19.50	-15.07	  0.08	  0.06	 -0.0385	P224	  0.20	  0.14
 37.713866	-122.058328	 18.38	-15.73	  0.09	  0.07	 -0.0259	P225	  0.30	  0.17
 37.336776	-121.825585	 25.43	-18.40	  0.46	  1.04	  0.0026	P226	 -3.28	  0.53
 37.532975	-121.789597	 12.92	-11.97	  0.18	  0.12	 -0.0096	P227	  0.91	  0.31
 37.601836	-121.686936	 11.55	-10.58	  0.54	  0.15	  0.0233	P228	  1.37	  0.50
 37.818965	-121.786399	  9.53	-10.64	  0.15	  0.07	  0.0109	P230	  1.67	  0.24
 36.621677	-121.905410	 36.19	-27.94	  0.25	  0.20	 -0.0076	P231	  0.54	  0.57
 36.724020	-121.579041	 35.14	-27.83	  0.18	  0.15	 -0.0077	P232	  1.09	  0.34
 36.800426	-121.420284	 25.72	-17.21	  0.16	  0.16	 -0.0077	P233	  0.66	  0.32
 36.858526	-121.591225	 32.74	-26.70	  0.15	  0.15	 -0.0110	P234	  1.39	  0.20
 36.814272	-121.541541	 35.13	-26.82	  0.19	  0.17	 -0.0047	P235	  0.26	  0.55
 36.903545	-121.554460	 26.09	-21.06	  0.14	  0.30	 -0.0122	P236	  1.45	  0.26
 36.637024	-121.386829	 34.98	-27.71	  0.19	  0.20	 -0.0416	P237	  2.13	  0.44
 36.849080	-121.452768	 25.11	-16.67	  0.57	  0.87	 -0.0116	P238	  1.00	  0.44
 36.962462	-121.547787	 23.68	-19.23	  0.35	  0.20	 -0.0015	P239	  3.50	  0.41
 37.007807	-121.542033	 23.64	-19.11	  0.55	  0.17	 -0.0101	P240	  0.39	  0.46
 37.213011	-121.574259	 12.39	-11.99	  0.17	  0.22	  0.0013	P241	  0.81	  0.40
 36.953932	-121.463183	 23.59	-18.75	  0.76	  0.17	 -0.0009	P242	  0.94	  1.88
 36.918189	-121.335152	 11.09	-11.83	  0.19	  0.16	 -0.0045	P243	  1.11	  0.32
 37.010824	-121.354517	 10.45	-12.39	  0.15	  0.38	 -0.0258	P244	  1.24	  0.22
 37.713117	-119.706121	  9.26	 -9.94	  0.23	  0.19	  0.0035	P245	  1.04	  0.47
 37.975609	-121.868697	 10.16	-10.54	  0.20	  0.08	  0.0096	P248	  1.02	  0.35
 36.950036	-121.268438	 10.48	-11.28	  0.17	  0.20	  0.0139	P250	  0.68	  0.38
 36.811450	-121.347950	 14.17	-11.84	  0.15	  0.14	 -0.0061	P251	  2.43	  0.39
 37.169556	-121.057729	  9.03	-10.54	  0.57	  0.14	  0.0164	P252	  1.25	  0.31
 37.478450	-121.653009	 11.00	-11.09	  0.11	  0.07	 -0.0286	P253	  1.63	  0.54
 37.489633	-121.469195	  9.87	-10.46	  0.16	  0.12	 -0.0111	P254	  1.01	  0.33
 37.581885	-121.324853	  9.39	-10.29	  0.05	  0.12	 -0.0103	P255	  0.89	  0.18
 37.931965	-121.604839	  9.12	-10.91	  0.12	  0.07	 -0.0062	P256	 -1.01	  0.50
 37.755291	-121.464035	  9.01	-10.75	  0.03	  0.11	 -0.0146	P257	  1.88	  0.49
 37.385389	-121.283272	  9.04	 -9.75	  0.70	  0.18	 -0.0102	P258	  0.98	  0.51
 37.433020	-121.100580	  8.94	-10.25	  0.17	  0.19	 -0.0059	P259	  0.58	  0.56
 37.711221	-121.083952	  8.57	-10.68	  0.23	  0.11	 -0.0096	P260	 -0.75	  0.60
 38.152960	-122.217539	 15.23	-11.26	  0.60	  0.81	 -0.0210	P261	 -1.06	  0.26
 38.025149	-122.096144	 15.32	-12.63	  0.11	  0.50	 -0.0467	P262	  0.11	  0.22
 38.577695	-122.429176	 16.07	-11.20	  0.18	  0.20	  0.0121	P263	  0.60	  0.51
 38.444215	-122.195329	 11.42	-10.64	  0.10	  0.10	  0.0049	P264	  1.10	  0.08
 38.530186	-121.954194	  8.64	 -9.83	  0.05	  0.08	 -0.0152	P265	 -1.93	  0.44
 38.183968	-121.843526	  9.17	-10.19	  0.09	  0.09	 -0.0049	P266	 -0.53	  0.16
 38.380336	-121.823234	  8.96	 -8.99	  0.14	  0.16	 -0.0087	P267	 -2.59	  0.51
 38.473526	-121.646411	  8.19	-11.32	  0.05	  0.31	 -0.0081	P268	 -1.95	  0.47
 38.999526	-122.354553	  8.31	 -7.18	  0.21	  0.13	  0.0791	P269	  1.21	  0.86
 39.243770	-122.055213	  7.26	 -9.12	  0.09	  0.10	 -0.0136	P270	 -0.39	  0.45
 38.657351	-121.714549	  7.60	-11.03	  0.08	  0.09	 -0.0188	P271	 -0.16	  2.46
 39.145482	-121.943062	  6.48	 -8.46	  0.11	  0.15	 -0.0281	P272	 -1.09	  0.31
 38.115813	-121.388077	  8.86	-10.07	  0.23	  0.62	  0.0093	P273	 -0.27	  0.52
 38.283124	-121.460512	  8.27	-11.35	  0.81	  0.85	  0.0026	P274	 -1.61	  0.48
 38.321529	-121.214586	  7.89	-10.52	  0.12	  0.11	 -0.0089	P275	 -1.11	  0.38
 38.645308	-121.095165	  7.91	-10.06	  0.10	  0.10	 -0.0027	P276	  1.21	  0.20
 37.192373	-122.366883	 36.32	-26.85	  0.07	  0.12	 -0.0083	P277	  0.15	  0.27
 37.054384	-120.705295	  9.49	-10.27	  0.14	  0.13	  0.0012	P303	-18.03	  0.37
 37.352214	-120.196758	  9.25	-10.07	  0.43	  0.13	  0.0042	P305	  1.79	  0.20
 37.795167	-120.644458	  8.73	-10.68	  0.16	  0.35	  0.0128	P306	  1.62	  0.25
 38.089991	-120.951237	  8.57	-10.12	  0.11	  0.12	 -0.0097	P309	  0.83	  0.25
 39.529179	-123.698374	 24.86	-21.44	  0.10	  0.19	 -0.0965	P312	 -2.51	  0.41
 39.554289	-123.564544	 22.06	-20.75	  0.08	  0.19	 -0.0386	P313	 -1.25	  0.30
 39.685664	-123.581848	 20.20	-21.22	  0.11	  0.12	 -0.0252	P314	 -0.84	  0.18
 39.863583	-123.716896	 20.80	-20.44	  0.08	  0.16	 -0.0819	P315	 -1.21	  0.59
 39.905671	-123.551850	 15.09	-16.51	  0.16	  0.12	 -0.0151	P317	 -1.22	  0.57
 39.452370	-123.371853	 15.47	-17.16	  0.10	  0.18	 -0.0230	P318	 -0.45	  0.37
 39.707097	-123.295078	  9.00	-15.84	  0.20	  0.10	 -0.0486	P319	  4.04	  0.31
 39.492827	-123.186785	 15.17	-16.24	  0.16	  0.20	  0.0321	P320	 -0.03	  0.59
 39.897221	-123.394947	 15.94	-14.37	  0.30	  0.39	  0.0605	P321	 -2.25	  0.73
 39.962144	-123.182481	  5.25	 -8.75	  0.30	  0.39	 -0.0337	P322	 22.07	  0.72
 39.845748	-122.963442	 15.46	  8.16	  1.95	  1.91	 -0.0323	P323	 55.07	  6.87
 39.621382	-122.975753	  9.25	-10.86	  0.21	  0.18	  0.0274	P333	 -0.89	  0.72
 39.493592	-122.735871	  8.09	 -9.79	  0.12	  0.13	 -0.0106	P334	  0.77	  0.34
 39.726190	-122.873637	  8.79	-10.09	  0.33	  0.41	  0.0445	P335	  0.26	  0.89
 39.528080	-122.430483	  6.99	 -8.21	  0.09	  0.21	 -0.0141	P336	  1.65	  0.45
 40.034111	-122.668249	  7.12	 -8.29	  0.17	  0.13	 -0.0120	P339	  0.98	  0.34
 39.409339	-123.049823	  4.22	-10.21	  0.32	  0.39	 -0.0737	P340	 -0.34	  0.84
 39.929123	-122.027971	  6.90	 -8.52	  0.19	  0.20	 -0.0166	P344	  0.52	  0.45
 40.271235	-122.270806	  7.13	 -7.94	  0.16	  0.22	 -0.0449	P345	  0.68	  0.56
 37.061232	-122.237610	 35.79	-27.04	  0.07	  0.13	  0.0183	P534	  0.46	  0.26
 37.853054	-122.418946	 23.63	-21.42	  0.19	  0.17	 -0.0062	PBL1	 -1.59	  0.31
 38.202625	-121.935386	  9.44	-10.30	  0.20	  0.09	 -0.0270	POTB	 -0.17	  0.42
 37.187085	-122.389951	 36.54	-27.74	  0.15	  0.13	 -0.0136	PPT1	 -0.72	  0.26
 37.996175	-123.018718	 37.00	-25.45	  0.03	  0.05	  0.0432	PTRB	 -0.64	  0.09
 37.816418	-122.062945	 13.05	 -8.93	  6.20	  5.77	  0.0025	ROCP	-14.80	 23.10
 37.666508	-121.558268	  9.59	-10.53	  0.04	  0.10	  0.0060	S300	  0.26	  0.27
 36.765304	-121.447184	 35.40	-28.10	  0.20	  0.09	 -0.0845	SAOB	  0.68	  0.12
 37.686450	-122.410844	 35.36	-31.25	  1.41	  1.42	 -0.1411	SBRB	  1.34	  4.64
 37.686219	-122.410441	 28.02	-20.62	  0.18	  0.13	 -0.1303	SBRN	  1.51	  0.36
 37.651845	-122.002064	 15.78	 -9.69	  6.20	  5.77	  0.0074	SCCP	 19.17	 23.10
 37.416517	-122.204263	 28.47	-21.77	  0.06	  0.10	 -0.0046	SLAC	  0.26	  0.44
 37.166404	-121.925519	 26.48	-21.79	  0.13	  0.10	  0.0267	SODB	 -1.33	  0.30
 37.874358	-122.266962	 24.04	-17.66	  0.42	  0.14	  0.0203	SRB1	 -0.69	  0.28
 37.426905	-122.173288	 27.75	-19.46	  0.50	  0.59	  0.0131	SUAA	 -1.11	  1.43
 39.205836	-121.820599	  7.57	 -9.72	  0.09	  0.09	  0.0199	SUTB	  0.00	  0.14
 38.033179	-122.526319	 24.87	-19.13	  0.05	  0.06	  0.0023	SVIN	 -1.32	  0.41
 37.351486	-121.935488	 24.66	-18.83	  0.12	  0.79	 -0.0152	THAL	  1.26	  4.08
 37.890875	-122.447602	 25.58	-19.36	  0.08	  0.09	 -0.0344	TIBB	 -0.14	  0.10
 38.536240	-121.751231	  8.80	 -9.78	  0.07	  0.40	 -0.0148	UCD1	 -8.96	  1.97
 37.762968	-122.458150	 27.56	-18.49	  0.14	  0.24	  0.0058	UCSF	 -4.33	  0.49
 37.652652	-122.140628	 23.93	-19.38	  0.30	  0.39	 -0.0062	WIN2	  1.36	  0.73
 37.652644	-122.140567	 23.90	-19.22	  0.13	  0.18	  0.0285	WINT	  1.01	  0.20
