0 0 0
48 1 1
0 1 2
0 1 3
0 1 4
0 1 5
0 1 6
0 1 7
0 1 8
0 2 1
8 2 2
0 2 3
0 2 4
0 2 5
0 2 6
0 2 7
0 2 8
0 3 1
0 3 2
31 3 3
0 3 4
0 3 5
225 3 6
1467 3 7
0 3 8
0 4 1
0 4 2
0 4 3
0 4 4
0 4 5
0 4 6
0 4 7
0 4 8
0 5 1
0 5 2
0 5 3
0 5 4
0 5 5
0 5 6
0 5 7
0 5 8
0 6 1
0 6 2
1836 6 3
0 6 4
0 6 5
21113 6 6
0 6 7
0 6 8
0 7 1
0 7 2
17 7 3
0 7 4
0 7 5
577 7 6
233 7 7
0 7 8
0 8 1
0 8 2
3 8 3
0 8 4
0 8 5
396 8 6
678 8 7
1257 8 8
0 0 0
0 0 0
0 0 0
0 0 0
0 0 0
0 0 0
0 0 0
0 0 0
0 0 0
0 0 0
0 0 0
0 0 0
0 0 0
0 0 0
0 0 0
0 0 0
0 0 0
0 0 0
0 0 0
0 0 0
0 0 0
0 0 0
0 0 0
0 0 0
0 0 0
0 0 0
0 0 0
0 0 0
0 0 0
0 0 0
0 0 0
0 0 0
0 0 0
0 0 0
0 0 0
0 0 0
0 0 0
0 0 0
0 0 0
0 0 0
0 0 0
0 0 0
0 0 0
0 0 0
0 0 0
0 0 0
0 0 0
0 0 0
0 0 0
0 0 0
0 0 0
0 0 0
0 0 0
0 0 0
0 0 0
0 0 0
0 0 0
 