0 0 0
23 1 1
0 1 2
0 1 3
0 1 4
0 1 5
0 1 6
0 1 7
0 2 1
0 2 2
0 2 3
0 2 4
0 2 5
0 2 6
0 2 7
0 3 1
0 3 2
0 3 3
0 3 4
0 3 5
78 3 6
604 3 7
0 4 1
0 4 2
0 4 3
0 4 4
0 4 5
0 4 6
0 4 7
0 5 1
0 5 2
0 5 3
0 5 4
69 5 5
5 5 6
28 5 7
0 6 1
0 6 2
32 6 3
0 6 4
3 6 5
24128 6 6
17 6 7
0 7 1
0 7 2
3 7 3
0 7 4
11 7 5
270 7 6
2618 7 7
0 0 0
0 0 0
0 0 0
0 0 0
0 0 0
0 0 0
0 0 0
0 0 0
0 0 0
0 0 0
0 0 0
0 0 0
0 0 0
0 0 0
0 0 0
0 0 0
0 0 0
0 0 0
0 0 0
0 0 0
0 0 0
0 0 0
0 0 0
0 0 0
0 0 0
0 0 0
0 0 0
0 0 0
0 0 0
0 0 0
0 0 0
0 0 0
0 0 0
0 0 0
0 0 0
0 0 0
0 0 0
0 0 0
0 0 0
0 0 0
0 0 0
0 0 0
0 0 0
0 0 0
0 0 0
0 0 0
0 0 0
0 0 0
0 0 0
0 0 0
0 0 0
0 0 0
0 0 0
0 0 0
0 0 0
0 0 0
0 0 0
0 0 0
0 0 0
0 0 0
0 0 0
0 0 0
0 0 0
0 0 0
0 0 0
0 0 0
0 0 0
0 0 0
0 0 0
0 0 0
0 0 0
0 0 0
 