0 0 0
0 1 1
0 1 2
12 1 3
0 1 4
0 1 5
0 1 6
0 1 7
0 2 1
75 2 2
0 2 3
0 2 4
0 2 5
0 2 6
0 2 7
0 3 1
0 3 2
35 3 3
0 3 4
0 3 5
1682 3 6
1628 3 7
0 4 1
0 4 2
0 4 3
0 4 4
0 4 5
0 4 6
0 4 7
0 5 1
0 5 2
0 5 3
0 5 4
0 5 5
0 5 6
0 5 7
0 6 1
0 6 2
1785 6 3
0 6 4
0 6 5
21402 6 6
10 6 7
0 7 1
0 7 2
0 7 3
0 7 4
0 7 5
382 7 6
878 7 7
0 0 0
0 0 0
0 0 0
0 0 0
0 0 0
0 0 0
0 0 0
0 0 0
0 0 0
0 0 0
0 0 0
0 0 0
0 0 0
0 0 0
0 0 0
0 0 0
0 0 0
0 0 0
0 0 0
0 0 0
0 0 0
0 0 0
0 0 0
0 0 0
0 0 0
0 0 0
0 0 0
0 0 0
0 0 0
0 0 0
0 0 0
0 0 0
0 0 0
0 0 0
0 0 0
0 0 0
0 0 0
0 0 0
0 0 0
0 0 0
0 0 0
0 0 0
0 0 0
0 0 0
0 0 0
0 0 0
0 0 0
0 0 0
0 0 0
0 0 0
0 0 0
0 0 0
0 0 0
0 0 0
0 0 0
0 0 0
0 0 0
0 0 0
0 0 0
0 0 0
0 0 0
0 0 0
0 0 0
0 0 0
0 0 0
0 0 0
0 0 0
0 0 0
0 0 0
0 0 0
0 0 0
0 0 0
 