3713 0 0
456 1 1
0 1 2
0 1 3
0 1 4
0 1 5
0 1 6
0 1 7
0 1 8
0 2 1
521 2 2
0 2 3
0 2 4
0 2 5
0 2 6
0 2 7
0 2 8
0 3 1
0 3 2
27 3 3
0 3 4
0 3 5
1297 3 6
629 3 7
0 3 8
0 4 1
0 4 2
0 4 3
14 4 4
0 4 5
0 4 6
0 4 7
0 4 8
0 5 1
0 5 2
0 5 3
0 5 4
668 5 5
0 5 6
0 5 7
0 5 8
0 6 1
44 6 2
3897 6 3
0 6 4
0 6 5
15337 6 6
29 6 7
0 6 8
0 7 1
0 7 2
11 7 3
0 7 4
0 7 5
819 7 6
79 7 7
0 7 8
0 8 1
0 8 2
0 8 3
0 8 4
0 8 5
0 8 6
0 8 7
348 8 8
0 0 0
0 0 0
0 0 0
0 0 0
0 0 0
0 0 0
0 0 0
0 0 0
0 0 0
0 0 0
0 0 0
0 0 0
0 0 0
0 0 0
0 0 0
0 0 0
0 0 0
0 0 0
0 0 0
0 0 0
0 0 0
0 0 0
0 0 0
0 0 0
0 0 0
0 0 0
0 0 0
0 0 0
0 0 0
0 0 0
0 0 0
0 0 0
0 0 0
0 0 0
0 0 0
0 0 0
0 0 0
0 0 0
0 0 0
0 0 0
0 0 0
0 0 0
0 0 0
0 0 0
0 0 0
0 0 0
0 0 0
0 0 0
0 0 0
0 0 0
0 0 0
0 0 0
0 0 0
0 0 0
0 0 0
0 0 0
0 0 0
 